# correlation threshold = 0.000000 
# network rho threshold = 0.000000
# -/+ - not passed/passed final selection cuts
#  1 - effective correlated amplitude rho 
#  2 - correlation coefficient 0/1 (1G/2G)
#  3 - correlation coefficient 2
#  4 - correlation coefficient 3
#  5 - correlated amplitude 
#  6 - time shift 
#  7 - time super shift 
#  8 - likelihood 
#  9 - penalty factor 
# 10 - energy disbalance 
# 11 - central frequency 
# 12 - bandwidth 
# 13 - duration 
# 14 - number of pixels 
# 15 - frequency resolution 
# 16 - cwb run number 
# 17 - time for J1 detector 
# 18 - time for G1 detector 
# 19 - sSNR for J1 detector 
# 20 - sSNR for G1 detector 
# 21 - hrss for J1 detector 
# 22 - hrss for G1 detector 
# 23 - PHI 
# 24 - THETA 
# 25 - PSI 
+ - 14.5352 0.653 0.817 0.737 12.05   0.000       0 6.7e+02 3.669 0.061  502  280 0.062  12   0     3 1270975689.0762 1270975689.0761 5.0e+02 1.7e+02 1.5e-20 1.6e-20 78.38 45.01 0.00 
+ - 14.3841 0.562 0.658 0.624 12.26   0.000       0 6.3e+02 5.270 0.124  525  224 0.007  13   0     2 1270975606.0002 1270975605.9996 4.0e+02 2.4e+02 1.3e-20 1.7e-20 240.15 37.58 0.00 
+ - 13.8169 0.495 0.549 0.592 11.91   0.000       0 6.0e+02 5.640 0.173  465  217 0.007  14   0     2 1270975634.5003 1270975634.5005 3.5e+02 2.5e+02 1.3e-20 1.7e-20 59.86 140.48 0.00 
+ - 12.7920 0.681 0.824 0.792 10.38   0.000       0 4.4e+02 2.647 0.059  578  199 0.006  10   0     2 1270975627.4999 1270975627.4998 2.9e+02 1.5e+02 1.1e-20 1.3e-20 238.68 37.97 0.00 
+ - 12.7398 0.768 0.797 0.634 10.25   0.000       0 5.4e+02 2.572 0.049  622  215 0.006  10   0     3 1270975723.0001 1270975723.0003 4.0e+02 1.5e+02 1.1e-20 1.4e-20 60.65 136.96 0.00 
+ - 12.6935 0.426 0.419 0.472 11.80   0.000       0 7.5e+02 4.735 0.209  588  224 0.053  19   0     2 1270975647.9650 1270975647.9642 4.5e+02 3.0e+02 1.4e-20 1.8e-20 240.75 37.20 0.00 
+ - 12.0609 0.700 0.821 0.810  9.71   0.000       0 3.8e+02 2.794 0.075  321  110 0.006   8   0     2 1270975639.5000 1270975639.4994 2.5e+02 1.4e+02 1.3e-20 1.5e-20 75.94 48.59 0.00 
+ - 11.8447 0.414 0.363 0.424 10.82   0.000       0 5.2e+02 6.239 0.286  482  222 0.006  14   0     2 1270975674.4999 1270975674.4996 3.0e+02 2.2e+02 1.2e-20 1.6e-20 239.86 39.52 0.00 
+ - 11.5511 0.884 0.899 0.809  8.81   0.000       0 3.8e+02 0.602 0.008  739  141 0.006   8   0     2 1270975663.1250 1270975663.1250 2.9e+02 9.7e+01 1.1e-20 1.1e-20 63.63 124.95 0.00 
+ - 10.8571 0.417 0.533 0.492 10.31   0.000       0 4.3e+02 5.647 0.209  652  200 0.006  11   0     2 1270975626.0000 1270975626.0000 3.1e+02 1.2e+02 1.1e-20 1.2e-20 76.99 49.77 0.00 
+ - 10.8356 0.488 0.497 0.438 10.12   0.000       0 4.2e+02 4.887 0.182  579  234 0.005  11   0     2 1270975608.4996 1270975608.5003 2.6e+02 1.6e+02 1.0e-20 1.3e-20 60.73 141.64 0.00 
+ - 10.8242 0.681 0.759 0.770  8.72   0.000       0 3.1e+02 2.800 0.085  377  111 0.006   7   0     2 1270975602.5000 1270975602.5005 1.9e+02 1.2e+02 8.8e-21 1.2e-20 60.71 140.48 0.00 
+ - 10.3905 0.888 0.867 0.711  7.99   0.000       0 3.6e+02 0.517 0.005  674  181 0.006   8   0     2 1270975665.1249 1270975665.1249 2.8e+02 7.9e+01 1.1e-20 9.9e-21 269.33 155.32 0.00 
+ - 10.0337 0.913 0.937 0.898  7.60   0.000       0 2.4e+02 0.600 0.004  218   48 0.007   4   0     2 1270975666.0001 1270975666.0006 1.1e+02 1.3e+02 1.1e-20 1.5e-20 237.97 41.47 0.00 
+ - 9.7376 0.527 0.589 0.586  8.64   0.000       0 3.2e+02 4.338 0.144  749  129 0.005   8   0     2 1270975663.8748 1270975663.8755 2.0e+02 1.2e+02 9.3e-21 1.2e-20 61.51 139.31 0.00 
+ - 9.7150 0.515 0.745 0.745  8.56   0.000       0 3.1e+02 4.965 0.098  499  128 0.005   7   0     3 1270975724.5005 1270975724.4995 2.2e+02 8.1e+01 8.1e-21 1.0e-20 243.00 43.04 0.00 
+ - 9.6945 0.485 0.510 0.555  8.01   0.000       0 2.8e+02 9.775 0.143  359  101 0.007   6   0     3 1270975727.9997 1270975727.9990 2.0e+02 8.3e+01 8.1e-21 1.1e-20 74.53 51.70 0.00 
+ - 9.4015 0.903 0.904 0.751  7.19   0.000       0 2.6e+02 0.561 0.006  221   44 0.008   4   0     2 1270975634.0001 1270975634.0004 1.8e+02 8.0e+01 1.3e-20 1.0e-20 117.79 12.45 0.00 
+ - 9.1891 0.648 0.697 0.596  7.73   0.000       0 2.8e+02 3.156 0.095  323   89 0.008   6   0     2 1270975634.9998 1270975635.0006 2.0e+02 7.7e+01 1.0e-20 9.1e-21 90.61 27.30 0.00 
+ - 9.0717 0.771 0.890 0.863  7.09   0.000       0 2.0e+02 2.018 0.042  291   70 0.006   4   0     2 1270975636.0001 1270975636.0005 1.2e+02 8.1e+01 8.6e-21 9.1e-21 259.29 140.87 0.00 
+ - 8.8716 0.731 0.850 0.676  7.18   0.000       0 2.3e+02 2.782 0.032  221   40 0.008   4   0     3 1270975705.0001 1270975704.9975 1.6e+02 7.7e+01 1.1e-20 1.2e-20 77.73 20.21 0.00 
+ - 8.7744 0.824 0.924 0.850  6.91   0.000       0 2.0e+02 1.324 0.030  436  147 0.006   4   0     2 1270975649.4999 1270975649.5001 1.3e+02 6.9e+01 7.1e-21 8.8e-21 58.98 141.64 0.00 
+ - 8.4806 0.902 0.915 0.832  6.43   0.000       0 2.0e+02 0.558 0.004  644   76 0.005   4   0     2 1270975607.0000 1270975606.9993 1.4e+02 5.5e+01 6.9e-21 8.0e-21 76.54 43.82 0.00 
+ - 8.4268 0.908 0.927 0.799  6.49   0.000       0 2.0e+02 0.611 0.008  233   35 0.007   3   0     2 1270975635.5001 1270975635.5005 1.4e+02 6.2e+01 9.7e-21 7.9e-21 243.63 60.00 0.00 
+ - 8.3772 0.949 0.969 0.886  6.32   0.000       0 1.7e+02 0.487 0.001  214   29 0.008   2   0     3 1270975725.9995 1270975726.0021 1.0e+02 6.6e+01 7.7e-21 9.4e-21 251.59 138.92 0.00 
+ - 8.3747 0.536 0.342 0.360  7.44   0.000       0 2.6e+02 4.428 0.199  320   89 0.006   6   0     2 1270975641.0000 1270975640.9996 1.3e+02 1.3e+02 8.5e-21 1.2e-20 239.85 38.36 0.00 
+ - 7.9900 0.490 0.413 0.439  6.97   0.000       0 2.0e+02 5.595 0.211  395  113 0.006   5   0     2 1270975605.4999 1270975605.5005 1.3e+02 7.6e+01 7.1e-21 9.2e-21 60.71 140.48 0.00 
+ - 7.8771 0.694 0.645 0.718  6.25   0.000       0 2.1e+02 2.010 0.079  232   41 0.007   4   0     2 1270975672.4998 1270975672.5008 1.4e+02 6.5e+01 1.2e-20 1.0e-20 93.17 26.18 0.00 
+ - 7.8699 0.836 0.863 0.753  6.23   0.000       0 1.9e+02 1.146 0.004  226   53 0.007   4   0     2 1270975622.0009 1270975621.9985 6.6e+01 1.3e+02 7.3e-21 1.3e-20 246.09 35.66 0.00 
+ - 7.7098 0.659 0.649 0.514  6.67   0.000       0 2.0e+02 3.802 0.106  194   35 0.008   3   0     3 1270975684.4999 1270975684.4995 1.0e+02 9.5e+01 9.7e-21 1.3e-20 238.92 36.04 0.00 
+ - 7.5839 0.874 0.922 0.845  5.77   0.000       0 1.5e+02 0.760 0.011  257   35 0.006   3   0     2 1270975672.9995 1270975672.9983 1.0e+02 4.7e+01 8.2e-21 7.2e-21 273.08 153.07 0.00 
+ - 7.4471 0.786 0.870 0.748  5.89   0.000       0 1.4e+02 1.370 0.050  256   50 0.005   3   0     2 1270975661.5000 1270975661.4995 8.0e+01 6.1e+01 7.4e-21 8.2e-21 59.37 135.39 0.00 
+ - 7.3695 0.835 0.794 0.737  5.66   0.000       0 1.8e+02 1.229 0.040  259   40 0.008   3   0     2 1270975618.0027 1270975618.0013 1.4e+02 4.4e+01 8.8e-21 6.8e-21 283.91 159.79 0.00 
+ - 7.1317 0.917 0.961 0.865  5.47   0.000       0 1.2e+02 0.652 0.006  207   27 0.006   2   0     3 1270975700.9994 1270975700.9998 6.2e+01 5.9e+01 6.6e-21 8.8e-21 257.87 136.96 0.00 
+ - 7.0233 0.869 0.889 0.817  5.33   0.000       0 1.4e+02 0.735 0.015  252   33 0.006   3   0     2 1270975604.5001 1270975604.4996 1.1e+02 3.9e+01 7.6e-21 6.4e-21 284.67 163.13 0.00 
+ - 6.9457 0.901 0.900 0.657  5.41   0.000       0 1.7e+02 0.526 0.010  203   37 0.007   3   0     3 1270975725.5001 1270975725.5029 1.4e+02 3.5e+01 1.1e-20 1.0e-20 236.25 55.41 0.00 
+ - 6.7240 0.943 0.930 0.732  5.09   0.000       0 1.5e+02 0.407 0.001  239   26 0.009   2   0     3 1270975727.0001 1270975726.9997 1.2e+02 3.4e+01 7.1e-21 6.8e-21 84.60 27.68 0.00 
+ - 6.6699 0.855 0.934 0.874  5.11   0.000       0 1.1e+02 1.049 0.016  209   22 0.007   2   0     3 1270975699.5005 1270975699.5001 4.9e+01 5.6e+01 5.8e-21 8.6e-21 77.87 43.04 0.00 
+ - 6.6203 0.703 0.780 0.792  5.30   0.000       0 1.2e+02 2.799 0.083  229   24 0.006   2   0     3 1270975697.0013 1270975696.9997 6.4e+01 5.3e+01 5.8e-21 8.4e-21 243.97 37.97 0.00 
+ - 6.5509 0.925 0.908 0.703  4.97   0.000       0 1.5e+02 0.511 0.004  237   25 0.008   2   0     3 1270975727.4997 1270975727.5008 1.2e+02 3.2e+01 7.2e-21 6.6e-21 89.46 30.70 0.00 
+ - 6.4869 0.706 0.595 0.402  5.37   0.000       0 2.7e+02 2.627 0.071  230   57 0.007   4   0     3 1270975702.9999 1270975702.9972 2.2e+02 4.3e+01 1.3e-20 1.0e-20 295.83 160.17 0.00 
+ - 6.2725 0.900 0.905 0.714  4.84   0.000       0 1.4e+02 0.584 0.003  231   23 0.007   2   0     3 1270975705.4995 1270975705.5025 1.1e+02 3.4e+01 7.6e-21 6.7e-21 95.56 32.98 0.00 
+ - 6.1883 0.685 0.539 0.530  5.14   0.000       0 1.3e+02 2.284 0.072  244   46 0.006   3   0     2 1270975602.0016 1270975601.9998 5.8e+01 7.7e+01 5.7e-21 9.0e-21 242.59 32.22 0.00 
+ - 6.0792 0.719 0.842 0.788  4.76   0.000       0 9.2e+01 2.520 0.010  299   30 0.005   2   0     2 1270975616.0007 1270975615.9985 4.4e+01 4.8e+01 4.5e-21 7.4e-21 244.78 33.74 0.00 
+ - 5.9169 0.523 0.610 0.624  4.89   0.000       0 1.6e+02 6.436 0.072  189   37 0.009   3   0     3 1270975696.5026 1270975696.4978 3.6e+01 1.2e+02 5.9e-21 1.6e-20 254.42 28.81 0.00 
+ - 5.8877 0.778 0.841 0.810  4.67   0.000       0 8.9e+01 1.251 0.055  211   25 0.005   2   0     2 1270975612.9997 1270975612.9968 3.8e+01 5.0e+01 5.4e-21 7.1e-21 71.90 34.13 0.00 
+ - 5.7670 0.870 0.720 0.491  4.77   0.000       0 1.8e+02 0.513 0.012  182   39 0.009   3   0     3 1270975698.5006 1270975698.5014 1.5e+02 3.0e+01 1.3e-20 8.2e-21 244.34 67.98 0.00 
+ - 5.7606 0.949 0.951 0.844  4.39   0.000       0 9.0e+01 0.521 0.000  256   22 0.008   1   0     3 1270975726.5000 1270975726.5004 6.0e+01 2.9e+01 4.6e-21 6.4e-21 257.87 136.96 0.00 
+ - 5.6802 0.777 0.734 0.680  4.58   0.000       0 1.4e+02 1.822 0.060  221   25 0.007   2   0     3 1270975702.4984 1270975702.5033 4.4e+01 9.2e+01 4.8e-21 1.1e-20 75.17 147.40 0.00 
+ - 5.6042 0.901 0.885 0.645  4.28   0.000       0 1.3e+02 0.545 0.003  279   35 0.006   2   0     3 1270975686.5003 1270975686.5010 1.1e+02 2.2e+01 6.4e-21 5.5e-21 93.36 24.68 0.00 
+ - 5.5256 0.797 0.726 0.460  4.60   0.000       0 1.5e+02 1.268 0.038  233   27 0.009   2   0     3 1270975728.4997 1270975728.4968 1.3e+02 2.7e+01 7.7e-21 6.1e-21 276.96 148.92 0.00 
+ - 5.4860 0.837 0.830 0.787  4.18   0.000       0 7.8e+01 0.717 0.023  208   23 0.006   2   0     2 1270975641.4999 1270975641.4992 4.9e+01 3.0e+01 6.4e-21 5.5e-21 290.36 164.60 0.00 
+ - 5.4669 0.840 0.891 0.823  4.17   0.000       0 8.0e+01 0.727 0.025  242   24 0.006   2   0     2 1270975670.0000 1270975670.0030 5.8e+01 2.2e+01 6.3e-21 4.9e-21 96.80 31.84 0.00 
+ - 5.4397 0.855 0.833 0.671  4.30   0.000       0 9.9e+01 0.780 0.028  240   35 0.007   2   0     2 1270975668.0009 1270975668.0001 7.4e+01 2.6e+01 7.2e-21 5.2e-21 273.36 155.32 0.00 
+ - 5.0168 0.909 0.882 0.680  4.03   0.000       0 1.0e+02 0.440 0.003  212   30 0.006   2   0     2 1270975619.4992 1270975619.5018 2.5e+01 7.8e+01 4.1e-21 8.8e-21 65.30 149.68 0.00 
+ - 4.8800 0.876 0.879 0.896  3.69   0.000       0 6.2e+01 0.472 0.006  232   14 0.006   2   0     2 1270975607.5002 1270975607.4993 4.3e+01 1.8e+01 4.5e-21 4.4e-21 80.17 32.22 0.00 
+ - 4.8750 0.912 0.882 0.813  3.65   0.000       0 6.9e+01 0.304 0.001  247   14 0.010   2   0     3 1270975688.4995 1270975688.5003 5.2e+01 1.7e+01 4.4e-21 4.9e-21 258.64 143.19 0.00 
+ - 4.6938 0.847 0.905 0.881  3.59   0.000       0 5.3e+01 0.526 0.010  214   14 0.008   2   0     2 1270975614.9984 1270975615.0054 2.8e+01 2.5e+01 4.2e-21 5.0e-21 227.00 163.50 0.00 
+ - 4.6716 0.836 0.841 0.801  3.56   0.000       0 5.4e+01 0.636 0.001  233   14 0.007   2   0     2 1270975613.4990 1270975613.4984 3.3e+01 2.1e+01 4.0e-21 4.7e-21 271.96 154.57 0.00 
+ - 4.6686 0.824 0.922 0.896  3.58   0.000       0 5.2e+01 0.596 0.013  203   14 0.007   2   0     2 1270975622.4994 1270975622.5001 2.6e+01 2.6e+01 4.8e-21 5.0e-21 87.32 31.08 0.00 
+ - 4.5170 0.897 0.806 0.661  3.42   0.000       0 8.5e+01 0.368 0.002  857   34 0.005   2   0     2 1270975646.3751 1270975646.3734 7.0e+01 1.4e+01 5.7e-21 4.0e-21 290.29 161.28 0.00 
+ - 4.3131 0.930 0.935 0.756  3.25   0.000       0 5.6e+01 0.453 0.000  512   20 0.007   1   0     2 1270975666.6250 1270975666.6232 4.2e+01 1.4e+01 4.2e-21 4.0e-21 269.52 145.49 0.00 
+ - 3.9585 0.898 0.945 0.936  2.96   0.000       0 3.5e+01 0.500 0.000  192    2 0.009   1   0     3 1270975708.5000 1270975708.5043 1.8e+01 1.7e+01 3.7e-21 4.5e-21 247.11 159.05 0.00 
+ - 3.5908 0.567 0.401 0.188  3.07   0.000       0 4.5e+01 1.111 0.086  204   34 0.009   3   0     3 1270975759.9911 1270975759.9883 3.0e+01 1.5e+01 5.2e-21 6.1e-21 72.99 30.32 0.00 
